435
66 0.19594575
66 0.19594575
66 0.39864825
64 0.19594575
62 0.19594575
62 0.39864825
66 0.8040532499999999
66 0.39864825
66 0.26351325
64 0.26351325
62 0.26351325
66 0.8040532499999999
64 0.39864825
64 0.26351325
64 0.26351325
64 0.26351325
64 0.39864825
66 0.8040532499999999
66 0.19594575
66 0.19594575
66 0.26351325
64 0.26351325
64 0.26351325
64 0.19594575
62 0.19594575
59 0.8040532499999999
66 0.19594575
66 0.19594575
66 0.39864825
64 0.19594575
62 0.19594575
62 0.39864825
66 0.8040532499999999
57 0.19594575
57 0.19594575
57 0.19594575
66 0.26351325
64 0.26351325
62 0.26351325
62 0.8040532499999999
57 0.19594575
64 0.19594575
64 0.19594575
64 0.19594575
64 0.19594575
64 0.19594575
64 0.19594575
64 0.19594575
62 0.39864825
66 0.8040532499999999
57 0.19594575
66 0.19594575
66 0.19594575
66 0.39864825
64 0.19594575
62 0.19594575
66 0.8040532499999999
66 0.19594575
66 0.19594575
66 0.26351325
67 0.26351325
66 0.26351325
67 0.19594575
66 1.00675575
57 0.19594575
66 0.19594575
66 0.19594575
66 0.19594575
64 0.39864825
64 1.00675575
59 0.19594575
64 0.19594575
64 0.19594575
64 0.19594575
64 0.19594575
64 0.26351325
64 0.26351325
66 0.46621575
66 0.19594575
66 0.19594575
66 0.19594575
66 0.39864825
66 0.19594575
66 0.19594575
66 0.26351325
64 0.26351325
64 0.46621575
64 0.0945945
62 0.0945945
59 1.20945825
66 0.19594575
66 0.19594575
66 0.26351325
64 0.26351325
62 0.26351325
62 0.39864825
66 1.20945825
57 0.19594575
57 0.19594575
66 0.26351325
64 0.26351325
62 0.26351325
62 0.8040532499999999
64 0.19594575
64 0.19594575
64 0.19594575
64 0.19594575
64 0.19594575
64 0.19594575
64 0.19594575
62 0.39864825
66 1.00675575
66 0.19594575
66 0.19594575
66 0.19594575
66 0.39864825
70 0.39864825
66 0.8040532499999999
67 0.19594575
67 0.19594575
67 0.19594575
67 0.19594575
67 0.6013507499999999
67 0.39864825
69 0.39864825
67 0.19594575
67 0.39864825
66 0.6013507499999999
66 0.19594575
66 0.19594575
66 0.39864825
64 0.19594575
64 0.6013507499999999
64 0.19594575
64 0.19594575
64 0.39864825
62 0.19594575
62 0.6013507499999999
67 0.19594575
67 0.19594575
67 0.19594575
67 0.19594575
67 0.19594575
67 0.19594575
67 0.6013507499999999
67 0.39864825
69 0.39864825
67 0.39864825
67 0.19594575
66 0.19594575
66 0.19594575
66 0.19594575
66 0.39864825
64 0.19594575
64 0.6013507499999999
67 0.19594575
67 0.19594575
67 0.39864825
66 0.19594575
66 0.6013507499999999
66 0.19594575
66 0.19594575
66 0.19594575
67 0.26351325
66 0.26351325
67 0.26351325
67 0.39864825
66 0.8040532499999999
66 0.19594575
66 0.39864825
66 0.26351325
64 0.26351325
62 0.26351325
66 0.8040532499999999
64 0.19594575
64 0.19594575
64 0.19594575
66 0.19594575
64 0.19594575
66 0.19594575
64 0.39864825
66 0.19594575
64 0.19594575
66 0.39864825
66 0.19594575
66 0.26351325
64 0.5337832499999999
64 0.19594575
62 0.19594575
59 0.8040532499999999
66 0.19594575
66 0.19594575
66 0.39864825
64 0.19594575
62 0.19594575
62 0.39864825
66 0.8040532499999999
66 0.6689182499999999
64 0.26351325
62 0.26351325
62 0.8040532499999999
64 0.39864825
64 0.39864825
64 0.19594575
62 0.19594575
66 0.39864825
64 0.39864825
66 0.39864825
66 0.39864825
64 0.19594575
62 0.39864825
66 0.8040532499999999
66 0.19594575
66 0.19594575
66 0.26351325
67 0.26351325
66 0.26351325
67 0.19594575
66 1.00675575
66 0.39864825
66 0.19594575
64 0.39864825
62 0.39864825
66 0.39864825
57 0.19594575
57 0.39864825
59 0.19594575
64 0.19594575
64 0.19594575
64 0.19594575
64 0.19594575
64 0.26351325
64 0.26351325
66 0.6689182499999999
62 0.19594575
66 0.19594575
66 0.19594575
66 0.26351325
64 0.26351325
64 0.46621575
64 0.0945945
62 0.0945945
59 1.20945825
66 0.39864825
66 0.39864825
66 0.39864825
66 0.19594575
64 0.19594575
62 0.19594575
62 0.39864825
64 0.19594575
66 0.39864825
66 1.00675575
64 0.19594575
62 0.19594575
62 0.19594575
59 0.19594575
57 0.39864825
64 0.19594575
64 0.19594575
64 0.39864825
64 0.19594575
64 0.19594575
64 0.19594575
64 0.19594575
64 0.19594575
62 0.19594575
66 0.39864825
66 0.19594575
66 0.19594575
66 0.39864825
70 0.39864825
64 0.8040532499999999
66 0.8040532499999999
67 0.19594575
67 0.19594575
67 0.19594575
67 0.19594575
67 0.6013507499999999
67 0.39864825
69 0.39864825
67 0.19594575
67 0.39864825
66 0.6013507499999999
66 0.19594575
66 0.19594575
66 0.39864825
64 0.19594575
64 0.6013507499999999
64 0.19594575
64 0.19594575
64 0.39864825
62 0.19594575
62 0.6013507499999999
67 0.19594575
67 0.19594575
67 0.19594575
67 0.19594575
67 0.19594575
67 0.19594575
67 0.6013507499999999
67 0.39864825
69 0.39864825
67 0.39864825
67 0.19594575
66 0.19594575
66 0.19594575
66 0.19594575
66 0.39864825
64 0.19594575
64 0.6013507499999999
67 0.19594575
67 0.19594575
67 0.39864825
66 0.19594575
66 1.00675575
66 0.19594575
67 0.39864825
67 0.39864825
66 0.19594575
67 0.39864825
66 0.39864825
52 0.19594575
66 0.19594575
66 0.39864825
66 0.39864825
64 0.19594575
66 0.39864825
52 0.19594575
54 0.19594575
54 0.39864825
66 0.19594575
64 0.19594575
64 0.39864825
64 0.39864825
66 0.297297
64 0.19594575
64 0.297297
66 0.39864825
66 0.19594575
66 0.19594575
66 0.19594575
64 0.39864825
62 0.19594575
62 0.39864825
62 0.19594575
66 0.19594575
66 0.19594575
66 0.39864825
64 0.39864825
62 0.39864825
66 0.39864825
54 0.19594575
66 0.39864825
64 0.26351325
64 0.26351325
62 0.26351325
62 0.39864825
52 0.19594575
64 0.39864825
64 0.26351325
64 0.26351325
62 0.46621575
64 0.39864825
62 0.19594575
66 0.39864825
66 0.19594575
62 0.19594575
66 0.39864825
66 0.39864825
66 0.39864825
64 0.19594575
66 0.39864825
66 0.39864825
66 0.26351325
67 0.26351325
66 0.26351325
67 0.39864825
66 0.6013507499999999
54 0.19594575
59 0.19594575
66 0.19594575
66 0.39864825
66 0.19594575
64 0.39864825
66 0.39864825
64 0.19594575
64 0.19594575
64 0.19594575
64 0.19594575
64 0.19594575
64 0.19594575
64 0.39864825
66 0.39864825
66 0.19594575
66 0.19594575
66 0.39864825
66 0.39864825
66 0.19594575
64 0.19594575
62 0.19594575
64 0.39864825
62 0.19594575
59 0.39864825
62 0.19594575
66 0.6013507499999999
64 0.19594575
62 0.19594575
62 0.39864825
66 0.39864825
62 0.19594575
57 0.6013507499999999
62 0.19594575
62 0.39864825
62 0.39864825
59 0.19594575
62 0.39864825
64 0.19594575
64 0.19594575
64 0.19594575
64 0.19594575
64 0.19594575
62 0.39864825
64 0.39864825
62 0.19594575
64 0.19594575
66 0.39864825
66 0.19594575
66 0.19594575
66 0.19594575
70 0.19594575
66 0.19594575
66 0.19594575
64 0.19594575
66 0.39864825
