419
76 0.0
72 0.0020833333333333333
76 0.0
72 0.24895833333333334
76 0.0
72 0.12395833333333334
72 0.12395833333333334
76 0.12395833333333334
79 0.0
71 0.24895833333333334
67 0.0
59 0.24895833333333334
72 0.24895833333333334
67 0.24895833333333334
64 0.24895833333333334
69 0.24895833333333334
71 0.24895833333333334
70 0.12395833333333334
69 0.12395833333333334
67 0.165625
76 0.165625
79 0.165625
81 0.24895833333333334
77 0.12395833333333334
79 0.12395833333333334
76 0.24895833333333334
72 0.12395833333333334
74 0.12395833333333334
71 0.12395833333333334
72 0.24895833333333334
67 0.24895833333333334
64 0.24895833333333334
69 0.24895833333333334
71 0.24895833333333334
70 0.12395833333333334
69 0.12395833333333334
67 0.165625
76 0.165625
79 0.165625
81 0.24895833333333334
77 0.12395833333333334
79 0.12395833333333334
76 0.24895833333333334
72 0.12395833333333334
74 0.12395833333333334
71 0.12395833333333334
60 0.12395833333333334
79 0.12395833333333334
78 0.12395833333333334
77 0.12395833333333334
75 0.12395833333333334
76 0.0
72 0.12395833333333334
68 0.12395833333333334
69 0.12395833333333334
72 0.12395833333333334
69 0.12395833333333334
72 0.12395833333333334
74 0.12395833333333334
60 0.12395833333333334
79 0.12395833333333334
78 0.12395833333333334
77 0.12395833333333334
75 0.12395833333333334
76 0.0
72 0.12395833333333334
84 0.0
76 0.12395833333333334
84 0.0
76 0.12395833333333334
84 0.0
76 0.12395833333333334
67 0.12395833333333334
60 0.12395833333333334
79 0.12395833333333334
78 0.12395833333333334
77 0.12395833333333334
75 0.12395833333333334
76 0.0
72 0.12395833333333334
68 0.12395833333333334
69 0.12395833333333334
72 0.12395833333333334
69 0.12395833333333334
72 0.12395833333333334
74 0.12395833333333334
75 0.0
68 0.12395833333333334
74 0.0
67 0.12395833333333334
72 0.0
64 0.12395833333333334
67 0.12395833333333334
67 0.12395833333333334
60 0.12395833333333334
60 0.12395833333333334
79 0.12395833333333334
78 0.12395833333333334
77 0.12395833333333334
75 0.12395833333333334
76 0.0
72 0.12395833333333334
68 0.12395833333333334
69 0.12395833333333334
72 0.12395833333333334
69 0.12395833333333334
72 0.12395833333333334
74 0.12395833333333334
60 0.12395833333333334
79 0.12395833333333334
78 0.12395833333333334
77 0.12395833333333334
75 0.12395833333333334
76 0.0
72 0.12395833333333334
84 0.0
76 0.12395833333333334
84 0.0
76 0.12395833333333334
84 0.0
76 0.12395833333333334
67 0.12395833333333334
60 0.12395833333333334
79 0.12395833333333334
78 0.12395833333333334
77 0.12395833333333334
75 0.12395833333333334
76 0.0
72 0.12395833333333334
68 0.12395833333333334
69 0.12395833333333334
72 0.12395833333333334
69 0.12395833333333334
72 0.12395833333333334
74 0.12395833333333334
75 0.0
68 0.12395833333333334
74 0.0
67 0.12395833333333334
72 0.0
64 0.12395833333333334
67 0.12395833333333334
67 0.12395833333333334
60 0.12395833333333334
72 0.0
64 0.12395833333333334
72 0.12395833333333334
72 0.12395833333333334
72 0.12395833333333334
74 0.12395833333333334
76 0.12395833333333334
72 0.12395833333333334
69 0.12395833333333334
67 0.12395833333333334
60 0.12395833333333334
72 0.0
64 0.12395833333333334
72 0.12395833333333334
72 0.12395833333333334
72 0.12395833333333334
74 0.12395833333333334
76 0.12395833333333334
67 0.12395833333333334
60 0.12395833333333334
60 0.12395833333333334
72 0.0
64 0.12395833333333334
72 0.12395833333333334
72 0.12395833333333334
72 0.12395833333333334
74 0.12395833333333334
76 0.12395833333333334
72 0.12395833333333334
69 0.12395833333333334
67 0.12395833333333334
60 0.12395833333333334
76 0.0
72 0.12395833333333334
76 0.0
72 0.12395833333333334
76 0.0
72 0.12395833333333334
72 0.12395833333333334
76 0.12395833333333334
79 0.0
71 0.24895833333333334
67 0.0
59 0.24895833333333334
72 0.24895833333333334
67 0.24895833333333334
64 0.24895833333333334
69 0.24895833333333334
71 0.24895833333333334
70 0.12395833333333334
69 0.12395833333333334
67 0.165625
76 0.165625
79 0.165625
81 0.24895833333333334
77 0.12395833333333334
79 0.12395833333333334
76 0.24895833333333334
72 0.12395833333333334
74 0.12395833333333334
71 0.12395833333333334
72 0.24895833333333334
67 0.24895833333333334
64 0.24895833333333334
69 0.24895833333333334
71 0.24895833333333334
70 0.12395833333333334
69 0.12395833333333334
67 0.165625
76 0.165625
79 0.165625
81 0.24895833333333334
77 0.12395833333333334
79 0.12395833333333334
76 0.24895833333333334
72 0.12395833333333334
74 0.12395833333333334
71 0.12395833333333334
76 0.12395833333333334
72 0.12395833333333334
67 0.24895833333333334
68 0.24895833333333334
69 0.12395833333333334
77 0.12395833333333334
77 0.12395833333333334
69 0.12395833333333334
60 0.12395833333333334
71 0.0
67 0.165625
81 0.0
77 0.165625
81 0.0
77 0.165625
81 0.0
77 0.165625
79 0.0
71 0.165625
77 0.165625
76 0.12395833333333334
72 0.12395833333333334
69 0.12395833333333334
67 0.12395833333333334
60 0.12395833333333334
76 0.12395833333333334
72 0.12395833333333334
67 0.24895833333333334
68 0.24895833333333334
69 0.12395833333333334
77 0.12395833333333334
77 0.12395833333333334
69 0.12395833333333334
60 0.12395833333333334
71 0.0
67 0.12395833333333334
77 0.0
69 0.12395833333333334
77 0.0
69 0.12395833333333334
77 0.0
69 0.165625
76 0.0
67 0.165625
74 0.0
65 0.165625
72 0.0
64 0.12395833333333334
67 0.12395833333333334
67 0.12395833333333334
60 0.24895833333333334
76 0.12395833333333334
72 0.12395833333333334
67 0.24895833333333334
68 0.24895833333333334
69 0.12395833333333334
77 0.12395833333333334
77 0.12395833333333334
69 0.12395833333333334
60 0.12395833333333334
71 0.0
67 0.165625
81 0.0
77 0.165625
81 0.0
77 0.165625
81 0.0
77 0.165625
79 0.0
71 0.165625
77 0.165625
76 0.12395833333333334
72 0.12395833333333334
69 0.12395833333333334
67 0.12395833333333334
60 0.12395833333333334
76 0.12395833333333334
72 0.12395833333333334
67 0.24895833333333334
68 0.24895833333333334
69 0.12395833333333334
77 0.12395833333333334
77 0.12395833333333334
69 0.12395833333333334
60 0.12395833333333334
71 0.0
67 0.12395833333333334
77 0.0
69 0.12395833333333334
77 0.0
69 0.12395833333333334
77 0.0
69 0.165625
76 0.0
67 0.165625
74 0.0
65 0.165625
72 0.0
64 0.12395833333333334
67 0.12395833333333334
67 0.12395833333333334
60 0.24895833333333334
72 0.0
64 0.12395833333333334
72 0.12395833333333334
72 0.12395833333333334
72 0.12395833333333334
74 0.12395833333333334
76 0.12395833333333334
72 0.12395833333333334
69 0.12395833333333334
67 0.12395833333333334
60 0.12395833333333334
72 0.0
64 0.12395833333333334
72 0.12395833333333334
72 0.12395833333333334
72 0.12395833333333334
74 0.12395833333333334
76 0.12395833333333334
67 0.12395833333333334
60 0.12395833333333334
60 0.12395833333333334
72 0.0
64 0.12395833333333334
72 0.12395833333333334
72 0.12395833333333334
72 0.12395833333333334
74 0.12395833333333334
76 0.12395833333333334
72 0.12395833333333334
69 0.12395833333333334
67 0.12395833333333334
60 0.12395833333333334
76 0.0
72 0.12395833333333334
76 0.0
72 0.12395833333333334
76 0.0
72 0.12395833333333334
72 0.12395833333333334
76 0.12395833333333334
79 0.0
71 0.24895833333333334
67 0.0
59 0.24895833333333334
76 0.12395833333333334
72 0.12395833333333334
67 0.24895833333333334
68 0.24895833333333334
69 0.12395833333333334
77 0.12395833333333334
77 0.12395833333333334
69 0.12395833333333334
60 0.12395833333333334
71 0.0
67 0.165625
81 0.0
77 0.165625
81 0.0
77 0.165625
81 0.0
77 0.165625
79 0.0
71 0.165625
77 0.165625
76 0.12395833333333334
72 0.12395833333333334
69 0.12395833333333334
67 0.12395833333333334
60 0.12395833333333334
76 0.12395833333333334
72 0.12395833333333334
67 0.24895833333333334
68 0.24895833333333334
69 0.12395833333333334
77 0.12395833333333334
77 0.12395833333333334
69 0.12395833333333334
60 0.12395833333333334
71 0.0
67 0.12395833333333334
77 0.0
69 0.12395833333333334
77 0.0
69 0.12395833333333334
77 0.0
69 0.165625
76 0.0
67 0.165625
74 0.0
65 0.165625
72 0.0
64 0.12395833333333334
67 0.12395833333333334
67 0.12395833333333334
60 0.24895833333333334
