261
59 0.0
62 0.29583333333333334
62 0.03333333333333333
55 0.0
60 0.0
64 0.3333333333333333
59 0.0
62 0.3
55 0.0
62 0.0
67 0.3333333333333333
57 0.0
60 0.0
66 0.7
57 0.0
60 0.0
62 0.29583333333333334
62 0.03333333333333333
55 0.0
60 0.0
64 0.3333333333333333
54 0.0
60 0.0
62 0.3333333333333333
60 0.0
66 0.0
69 0.3333333333333333
59 0.0
62 0.0
67 0.7
59 0.0
62 0.29583333333333334
62 0.03333333333333333
67 0.0
71 0.0
74 0.3333333333333333
62 0.0
67 0.0
71 0.3333333333333333
62 0.0
67 0.3333333333333333
62 0.0
66 0.3333333333333333
60 0.0
64 0.3333333333333333
60 0.0
64 0.0
72 0.29583333333333334
72 0.03333333333333333
62 0.0
67 0.0
71 0.3333333333333333
59 0.0
62 0.0
67 0.3333333333333333
60 0.0
66 0.0
69 0.3333333333333333
59 0.0
62 0.0
67 0.7
59 0.0
62 0.29583333333333334
62 0.03333333333333333
55 0.0
60 0.0
64 0.3333333333333333
59 0.0
62 0.3
55 0.0
62 0.0
67 0.3333333333333333
57 0.0
60 0.0
66 0.3333333333333333
69 0.05
72 0.05
78 0.05
81 0.24583333333333332
57 0.0
60 0.0
62 0.29583333333333334
62 0.03333333333333333
55 0.0
60 0.0
64 0.3333333333333333
54 0.0
60 0.0
62 0.3333333333333333
60 0.0
66 0.0
69 0.3333333333333333
59 0.0
62 0.0
67 0.3333333333333333
71 0.05
74 0.05
79 0.05
83 0.24583333333333332
59 0.0
62 0.29583333333333334
62 0.03333333333333333
67 0.0
71 0.0
74 0.3333333333333333
62 0.0
67 0.0
71 0.3333333333333333
62 0.0
67 0.3333333333333333
62 0.0
66 0.3333333333333333
60 0.0
64 0.3333333333333333
60 0.0
64 0.0
72 0.29583333333333334
72 0.03333333333333333
62 0.0
67 0.0
71 0.3333333333333333
59 0.0
62 0.0
67 0.3333333333333333
60 0.0
66 0.0
69 0.3333333333333333
59 0.0
62 0.0
67 0.3333333333333333
67 0.05
71 0.05
74 0.05
79 0.5833333333333334
67 0.05
71 0.05
74 0.05
77 0.5833333333333334
74 0.04583333333333333
75 0.04583333333333333
76 0.29583333333333334
79 0.09583333333333333
72 0.7958333333333333
70 0.09583333333333333
71 0.29583333333333334
77 0.09583333333333333
76 0.29583333333333334
74 0.8
74 0.12916666666666665
83 0.12916666666666665
74 0.12916666666666665
72 0.12916666666666665
81 0.12916666666666665
72 0.12916666666666665
71 0.12916666666666665
79 0.12916666666666665
71 0.12916666666666665
69 0.12916666666666665
77 0.12916666666666665
69 0.12916666666666665
67 0.19583333333333333
75 0.19583333333333333
76 0.19583333333333333
72 0.5333333333333333
72 0.19583333333333333
83 0.04583333333333333
84 0.24583333333333332
72 0.09583333333333333
72 0.09583333333333333
83 0.04583333333333333
84 0.24583333333333332
72 0.09583333333333333
72 0.09583333333333333
77 0.3333333333333333
76 0.29583333333333334
75 0.8
60 0.12916666666666665
67 0.12916666666666665
75 0.0
78 0.12916666666666665
76 0.0
79 0.3333333333333333
60 0.12916666666666665
67 0.12916666666666665
75 0.0
78 0.12916666666666665
74 0.0
77 0.19583333333333333
71 0.0
74 0.19583333333333333
72 0.0
76 0.3333333333333333
76 0.0
79 0.0
84 0.29583333333333334
79 0.0
84 0.0
88 0.09583333333333333
84 0.0
88 0.0
91 0.3333333333333333
74 0.04583333333333333
75 0.04583333333333333
76 0.29583333333333334
79 0.09583333333333333
72 0.7958333333333333
70 0.09583333333333333
71 0.29583333333333334
77 0.09583333333333333
76 0.29583333333333334
74 0.5
86 0.3333333333333333
74 0.12916666666666665
83 0.12916666666666665
74 0.12916666666666665
72 0.12916666666666665
81 0.12916666666666665
72 0.12916666666666665
71 0.12916666666666665
79 0.12916666666666665
71 0.12916666666666665
69 0.12916666666666665
77 0.12916666666666665
69 0.12916666666666665
67 0.19583333333333333
75 0.19583333333333333
76 0.19583333333333333
72 0.5333333333333333
72 0.19583333333333333
83 0.04583333333333333
84 0.24583333333333332
72 0.09583333333333333
72 0.09583333333333333
83 0.04583333333333333
84 0.24583333333333332
72 0.09583333333333333
72 0.09583333333333333
77 0.3333333333333333
76 0.29583333333333334
75 0.8
60 0.12916666666666665
67 0.12916666666666665
75 0.0
78 0.12916666666666665
76 0.0
79 0.3333333333333333
60 0.12916666666666665
67 0.12916666666666665
75 0.0
78 0.12916666666666665
74 0.0
77 0.19583333333333333
71 0.0
74 0.19583333333333333
67 0.0
72 0.0
76 0.7
76 0.05
79 0.05
84 0.05
88 0.5833333333333334
