1545
64 0.17547949999999998
66 0.029977747916666662
64 0.0
61 0.0
56 0.0
49 0.0
68 0.0
76 0.0007311645833333332
75 0.01827911458333333
57 0.0
69 0.0
45 0.0
52 0.0
64 0.0
73 0.0
71 0.0
69 0.0
64 0.5666525520833332
64 0.1674366895833333
66 0.07019179999999998
59 0.0
68 0.0
64 0.0
47 0.0
57 0.0
52 0.33852920208333326
71 0.0
52 0.0
59 0.0
47 0.0
56 0.2222740333333333
68 0.04533220416666666
59 0.0
63 0.0
54 0.0
66 0.0
51 0.0
44 1.224700677083333
64 0.17547949999999998
66 0.060686660416666656
68 0.0
49 0.0
64 0.0
61 0.0
56 0.3421850249999999
66 0.0
49 0.0
59 0.0
64 0.0
56 0.31366960624999995
64 0.2617569208333333
61 0.0
45 0.0
54 0.0
52 0.7011868354166666
59 0.6770584041666665
59 0.17474833541666665
57 0.14769524583333332
64 0.0
59 0.0
47 0.0
52 0.35095899999999997
54 0.0
66 0.17547949999999998
56 0.0
68 0.4913425999999999
64 0.002924658333333333
63 0.0
47 0.0
54 0.03728939375
66 0.01389212708333333
63 0.17547949999999998
66 0.35022783541666663
64 0.17547949999999998
66 0.14988873958333332
49 0.0
64 0.0
61 0.0
56 0.0
68 0.0
76 0.0007311645833333332
75 0.019010279166666665
73 0.0
64 0.0
52 0.0
45 0.0
69 0.0
57 0.0
71 0.0
64 0.0
69 0.5666525520833332
64 0.1674366895833333
66 0.07019179999999998
64 0.0
68 0.0
59 0.0
52 0.0
57 0.0
47 0.0
71 0.0007311645833333332
56 0.0
47 0.0
59 0.0
52 0.2222740333333333
66 0.046794533333333325
68 0.04460103958333333
44 0.0
51 0.0
66 0.0
54 0.0
63 0.0
59 0.0
64 0.17547949999999998
66 0.060686660416666656
56 0.0
61 0.0
64 0.0
49 0.0
68 0.0
56 0.0
64 0.0
59 0.0
49 0.0
66 0.3129384416666666
64 0.2617569208333333
52 0.0
54 0.0
45 0.0
61 0.0
59 0.4759881437499999
59 0.15573805624999998
57 0.14769524583333332
52 0.0
47 0.0
59 0.0
64 0.0
66 0.0
54 0.14184592916666663
66 0.0
56 0.4913425999999999
54 0.0
51 0.0
47 0.0
63 0.0
47 0.0
51 0.0
54 0.0
63 0.0
59 0.12283564999999998
66 0.17547949999999998
59 0.0
63 0.0
71 0.17474833541666665
59 0.17474833541666665
56 0.14842641041666665
68 0.0
49 0.0
64 0.0
61 0.0
56 0.0
66 0.0
49 0.0
59 0.0
64 0.0
56 0.3144007708333333
64 0.2617569208333333
61 0.0
45 0.0
54 0.0
52 0.0
59 0.6770584041666665
59 0.0
57 0.14696408124999996
64 0.0
52 0.0
47 0.0
59 0.3516901645833333
54 0.0
66 0.14477058749999996
66 0.0
47 0.0
59 0.006580481249999999
56 0.4840309541666666
63 0.0
47 0.0
56 0.0
54 0.5257073354166666
59 0.26321924999999996
56 0.1389212708333333
59 0.0
71 0.0
56 0.0
64 0.0
49 0.0
68 0.0
64 0.0
59 0.2712620604166666
45 0.0
52 0.0
64 0.0
61 0.0
57 0.0
47 0.0
64 0.0
59 0.0
69 0.0
56 0.0
52 0.0
59 0.0
68 0.0
64 0.5205891833333333
63 0.0
66 0.0
59 0.0
64 0.0021934937499999995
66 0.06507364791666666
56 0.0
49 0.0
68 0.0
64 0.0
59 0.0
66 0.05556850833333332
64 0.06653597708333332
61 0.0
64 0.0
52 0.0
57 0.0
45 0.0
59 0.24567129999999995
59 0.22154286874999995
47 0.0
52 0.0
64 0.0
59 0.0
56 0.0
66 0.17547949999999998
68 0.04606336874999999
59 0.0
66 0.0
71 0.0
63 0.0
64 0.11917982708333331
68 0.0
59 0.0
49 0.0
64 0.0
56 0.0
71 0.0
59 0.24713362916666662
71 0.0
59 0.0
64 0.2734555541666666
45 0.0
64 0.0
61 0.0
69 0.0
52 0.0
64 0.0
69 0.0
47 0.0
52 0.0
56 0.29539049166666664
64 0.0
68 0.6339196937499999
66 0.0
64 0.0
54 0.0
44 0.0
59 1.3709335937499998
64 0.08700858541666666
66 0.1455017520833333
59 0.0
49 0.0
56 0.0
64 0.0
68 0.0
66 0.05556850833333332
64 0.06653597708333332
64 0.0
57 0.0
52 0.0
45 0.0
61 0.0
59 0.24494013541666662
54 0.06141782499999999
54 0.0
47 0.0
56 0.0
52 0.0
59 0.042407545833333324
54 0.29246583333333326
47 0.0
51 0.0
54 0.0
56 0.0
59 0.0
71 0.11917982708333331
76 0.0
73 0.0
68 0.0
61 0.1608562083333333
71 0.0
64 0.02047260833333333
76 0.0
73 0.1608562083333333
71 0.0
83 0.08773974999999999
80 0.1608562083333333
69 0.12649147291666665
68 0.0
61 0.0
73 0.0
64 0.17547949999999998
69 0.09943838333333331
66 0.0
76 0.05556850833333332
73 0.05556850833333332
64 0.0
56 0.0
59 0.17547949999999998
64 0.01827911458333333
61 0.0
71 0.017547949999999996
68 0.014623291666666665
64 0.01827911458333333
59 0.004386987499999999
56 0.0
54 0.0
54 0.17474833541666665
59 0.0014623291666666664
64 0.056299672916666654
63 0.41237682499999995
71 0.0
76 0.0
61 0.0
68 0.0
73 0.16158737291666664
71 0.0
64 0.019741443749999997
76 0.0
73 0.1608562083333333
71 0.0
83 0.08700858541666666
80 0.1608562083333333
69 0.12649147291666665
73 0.0
61 0.0
68 0.0
64 0.17621066458333332
69 0.09870721874999998
76 0.0
66 0.05556850833333332
73 0.05483734374999999
66 0.06726714166666665
64 0.15500689166666665
56 0.0
61 0.15720038541666664
59 0.17547949999999998
64 0.01827911458333333
71 0.0
61 0.01827911458333333
68 0.015354456249999997
64 0.01827911458333333
59 0.004386987499999999
56 0.0
54 0.0
54 0.17474833541666665
59 0.0014623291666666664
64 0.05556850833333332
63 0.41237682499999995
64 0.13087846041666665
56 0.0
49 0.0
64 0.0
59 0.0
68 0.0
66 0.2595634270833333
66 0.0
64 0.0
59 0.2712620604166666
45 0.0
66 0.0
52 0.0
64 0.0
59 0.0
59 0.004386987499999999
47 0.0
52 0.0
56 0.0
64 0.0
59 0.0
69 0.0
59 0.0
68 0.29539049166666664
64 0.0
68 0.0
59 0.04533220416666666
59 0.0
51 0.0
44 0.0
64 0.0
66 0.0
64 0.17547949999999998
66 0.11186818124999998
59 0.0
49 0.0
56 0.0
64 0.0
68 0.0
66 0.21715588124999996
64 0.2025325895833333
57 0.0
52 0.0
45 0.0
64 0.0
61 0.0
64 0.0
59 0.4028716854166666
47 0.0
52 0.0
56 0.0
64 0.0
59 0.0
69 0.0007311645833333332
68 0.28807884583333326
68 0.0
64 0.0
59 0.02047260833333333
47 0.0
54 0.0
51 0.0
64 0.0
66 0.0
59 0.6916816958333332
71 0.17547949999999998
68 0.059955495833333323
66 0.005849316666666666
64 0.17621066458333332
63 0.03217124166666666
64 0.14038359999999997
66 0.06653597708333332
49 0.0
68 0.0
56 0.0021934937499999995
64 0.0
71 0.0
68 0.25225178125
64 0.0
71 0.0
68 0.149157575
73 0.0
69 0.0
64 0.0007311645833333332
59 0.0
45 0.0
52 0.0
61 0.2420154770833333
64 0.0
59 0.0
47 0.0
56 0.0
52 0.0
69 0.0
68 0.18205998124999997
59 0.0
66 0.0
51 0.0
44 0.0
64 0.0
59 0.14184592916666663
64 0.07311645833333331
66 0.10309420624999999
49 0.0
59 0.0
64 0.0
68 0.0
56 0.0
66 0.12576030833333332
64 0.02266610208333333
52 0.0
45 0.0
57 0.0
64 0.0
61 0.0
64 0.0
59 0.2683374020833333
57 0.2734555541666666
47 0.0
66 0.0
63 0.0
59 0.2639504145833333
59 0.17547949999999998
63 0.0
71 0.2931969979166666
66 0.0
63 0.5264384999999999
54 0.6894882020833332
64 0.0
59 0.17547949999999998
66 0.006580481249999999
59 0.0
49 0.0
56 0.0
68 0.0
64 0.0
66 0.056299672916666654
64 0.030708912499999994
52 0.0
45 0.0
57 0.0
64 0.0
61 0.0
64 0.0
59 0.0
57 0.24932712291666662
57 0.01389212708333333
54 0.0
47 0.0
66 0.0
63 0.0
59 0.0
47 0.35095899999999997
59 0.0
54 0.17547949999999998
64 0.17547949999999998
66 0.17547949999999998
71 0.07530995208333333
59 0.0
47 0.0
66 0.0
63 0.0
54 0.0
64 0.0
59 0.17547949999999998
66 0.3875172291666666
49 0.0
64 0.0
61 0.0
56 0.0
68 0.0
76 0.0007311645833333332
75 0.019010279166666665
57 0.0
52 0.0
45 0.0
73 0.0
69 0.0
64 0.0
71 0.0
69 0.0
64 0.5666525520833332
64 0.1674366895833333
66 0.07092296458333332
64 0.0
52 0.0
47 0.0
66 0.0
59 0.0
57 0.3392603666666666
52 0.0
56 0.0
47 0.0
68 0.0
59 0.08773974999999999
71 0.04752569791666666
44 0.0
51 0.0
54 0.0
59 0.0
66 0.0
63 0.7019179999999999
64 0.08773974999999999
63 0.08773974999999999
44 0.0
51 0.0
54 0.0
59 0.0
68 0.15135106874999998
44 0.0
59 0.0
54 0.0
51 0.0
71 0.11186818124999998
66 0.1433082583333333
61 0.0
68 0.0
49 0.0
64 0.0
56 0.0
56 0.0
49 0.0
59 0.0
71 0.003655822916666666
68 0.0021934937499999995
76 0.2573699333333333
64 0.0
71 0.0
75 0.25663876874999997
52 0.0
61 0.0
45 0.0
57 0.0
69 0.0
73 0.25663876874999997
59 0.0
52 0.0
47 0.0
64 0.26321924999999996
64 0.26321924999999996
71 0.08773974999999999
47 0.0
64 0.0
59 0.0
52 0.0
71 0.26321924999999996
54 0.0
59 0.0
68 0.17474833541666665
56 0.0
64 0.4386987499999999
64 0.0
47 0.0
63 0.0
54 0.0
66 0.01389212708333333
64 0.12283564999999998
63 0.17547949999999998
66 0.0
51 0.0
56 0.0
59 0.35022783541666663
64 0.17474833541666665
66 0.14988873958333332
49 0.0
64 0.0
61 0.0
56 0.0
68 0.0
76 0.0007311645833333332
75 0.019010279166666665
57 0.0
52 0.0
45 0.0
73 0.0
69 0.0
64 0.0
71 0.0
69 0.0
64 0.5666525520833332
64 0.1674366895833333
66 0.07019179999999998
64 0.0
68 0.0
57 0.0
52 0.0
59 0.0
47 0.0
71 0.0
52 0.0
56 0.0
59 0.0
47 0.2222740333333333
66 0.046794533333333325
68 0.04533220416666666
54 0.0
66 0.0
63 0.0
44 0.0
51 0.0
59 0.0
63 0.08773974999999999
66 0.22739218541666664
56 0.08773974999999999
56 0.08773974999999999
61 0.0
68 0.0
49 0.0
64 0.0
56 0.0
56 0.0
49 0.0
59 0.0
66 0.0
64 0.31366960624999995
64 0.2617569208333333
61 0.0
45 0.0
54 0.0
52 0.0
59 0.35022783541666663
57 0.17109251249999996
59 0.004386987499999999
57 0.14769524583333332
59 0.0
47 0.0
64 0.0
52 0.0
54 0.0
66 0.14184592916666663
56 0.0
66 0.4913425999999999
63 0.0
54 0.0
51 0.0
47 0.0
71 0.0
59 0.0
63 0.0
51 0.0
47 0.0
54 0.12210448541666664
76 0.0
61 0.0
68 0.0
73 0.1608562083333333
71 0.0
64 0.02047260833333333
76 0.0
73 0.1608562083333333
71 0.0
83 0.08627742083333331
80 0.1608562083333333
69 0.12649147291666665
68 0.0
61 0.0
73 0.0
64 0.17547949999999998
69 0.09943838333333331
66 0.0
76 0.05483734374999999
73 0.05556850833333332
66 0.06580481249999999
61 0.1542757270833333
64 0.0
56 0.0
59 0.17547949999999998
64 0.01827911458333333
61 0.0
71 0.017547949999999996
68 0.015354456249999997
64 0.01827911458333333
59 0.004386987499999999
56 0.0
54 0.0
54 0.17474833541666665
59 0.0014623291666666664
64 0.056299672916666654
63 0.41237682499999995
64 0.16670552499999997
71 0.11917982708333331
76 0.0
61 0.0
68 0.0
73 0.16012504374999997
71 0.0
64 0.019741443749999997
76 0.0007311645833333332
73 0.1608562083333333
71 0.0
83 0.08700858541666666
80 0.1608562083333333
69 0.12576030833333332
73 0.0
61 0.0
68 0.0
64 0.17621066458333332
69 0.09870721874999998
76 0.0
66 0.05556850833333332
73 0.05483734374999999
66 0.06726714166666665
64 0.1542757270833333
56 0.0
61 0.15720038541666664
59 0.17547949999999998
64 0.01827911458333333
71 0.0
61 0.01827911458333333
68 0.014623291666666665
64 0.01827911458333333
59 0.004386987499999999
56 0.0
54 0.0
54 0.17547949999999998
59 0.0014623291666666664
64 0.05556850833333332
63 0.41237682499999995
64 0.13087846041666665
56 0.0
49 0.0
64 0.0
59 0.0
68 0.0
45 0.0
52 0.0007311645833333332
69 0.0
64 0.0
61 1.2276253354166664
59 0.005849316666666666
47 0.0
52 0.0
56 0.0
64 0.0
59 0.0
69 0.0
59 0.0
68 0.29539049166666664
59 0.0
51 0.0
44 0.0
64 0.0
66 0.0
64 0.17621066458333332
66 0.11113701666666664
59 0.0
49 0.0
56 0.0
64 0.0
68 0.0
66 0.2178870458333333
64 0.20180142499999998
57 0.0
52 0.0
45 0.0
64 0.0
61 0.0
64 0.0
59 0.4028716854166666
47 0.0
52 0.0
56 0.0
64 0.0
59 0.0
69 0.0
68 0.28807884583333326
68 0.0
64 0.0
59 0.021203772916666662
47 0.0
54 0.0
51 0.0
64 0.0
66 0.0
59 0.6916816958333332
71 0.17547949999999998
68 0.059955495833333323
66 0.005118152083333332
64 0.17547949999999998
63 0.03217124166666666
64 0.13965243541666664
66 0.06580481249999999
49 0.0
68 0.0
56 0.0021934937499999995
64 0.0
71 0.0
68 0.2529829458333333
71 0.15208223333333332
73 0.0
69 0.0
64 0.0
59 0.0
45 0.0
52 0.0
59 0.2420154770833333
59 0.08481509166666665
64 0.0
59 0.0
47 0.0
56 0.0
52 0.0
69 0.0
68 0.18205998124999997
59 0.0
51 0.0
44 0.0
66 0.0
64 0.0
59 0.0
66 0.0
63 0.30489563124999997
64 0.07238529374999998
66 0.10309420624999999
49 0.0
64 0.0
68 0.0
56 0.0
59 0.26321924999999996
66 0.0
64 0.0
61 0.12576030833333332
64 0.02266610208333333
52 0.0
45 0.0
57 0.0
64 0.0
61 0.0
64 0.0
59 0.2683374020833333
57 0.26321924999999996
59 0.2442089708333333
47 0.0
66 0.0
63 0.0
68 0.0014623291666666664
59 0.2639504145833333
59 0.08773974999999999
64 0.0
71 0.2931969979166666
63 0.0
66 0.6141782499999999
59 0.17547949999999998
56 0.13087846041666665
63 0.0
59 0.0
56 0.2749178833333333
64 0.0
59 0.17547949999999998
66 0.006580481249999999
59 0.0
49 0.0
56 0.0
68 0.0
64 0.0
71 0.0
64 0.056299672916666654
68 0.030708912499999994
52 0.0
45 0.0
57 0.0
64 0.0
61 0.0
64 0.0
59 0.0
57 0.24932712291666662
57 0.01389212708333333
47 0.0
66 0.0
64 0.0
59 0.0
54 0.6141782499999999
59 0.26321924999999996
52 0.008773974999999998
47 0.35095899999999997
59 0.0
54 0.17547949999999998
64 0.17547949999999998
66 0.17547949999999998
71 0.07530995208333333
47 0.0
54 0.0
63 0.0
66 0.0
59 0.0
71 0.21934937499999996
59 0.26321924999999996
66 0.0
63 0.0
56 0.0
59 0.4708699916666666
56 0.019010279166666665
64 0.0
59 0.17547949999999998
66 0.21203772916666663
49 0.0
64 0.0
61 0.0
56 0.0
68 0.0
76 0.0014623291666666664
75 0.019010279166666665
57 0.0
52 0.0
45 0.0
73 0.0
69 0.0
64 0.0
71 0.0
69 0.0
64 0.5659213874999999
64 0.1674366895833333
66 0.07019179999999998
64 0.0
52 0.0
47 0.0
66 0.0
59 0.0
57 0.33852920208333326
52 0.0
56 0.0
47 0.0
68 0.0
59 0.08773974999999999
71 0.046794533333333325
44 0.0
51 0.0
54 0.0
59 0.0
66 0.0
63 0.7019179999999999
64 0.08773974999999999
63 0.08773974999999999
44 0.0
51 0.0
54 0.0
59 0.0
68 0.15135106874999998
44 0.0
59 0.0
54 0.0
51 0.0
71 0.11186818124999998
66 0.1433082583333333
61 0.0
68 0.0
49 0.0
64 0.0
56 0.0
56 0.0
49 0.0
59 0.0
71 0.003655822916666666
68 0.0021934937499999995
76 0.2573699333333333
64 0.0
71 0.0
75 0.25663876874999997
52 0.0
61 0.0
45 0.0
57 0.0
69 0.0
73 0.25663876874999997
59 0.0
52 0.0
47 0.0
64 0.26321924999999996
64 0.26321924999999996
64 0.08773974999999999
59 0.08773974999999999
69 0.0021934937499999995
47 0.0
64 0.0
59 0.0
52 0.0
71 0.014623291666666665
54 0.0
59 0.0
68 0.17474833541666665
56 0.0007311645833333332
64 0.4386987499999999
64 0.0
47 0.0
63 0.0
54 0.0
66 0.01389212708333333
64 0.12283564999999998
63 0.17547949999999998
66 0.0
51 0.0
56 0.0
59 0.35022783541666663
64 0.17547949999999998
66 0.14988873958333332
49 0.0
64 0.0
61 0.0
56 0.0
68 0.0
76 0.0007311645833333332
75 0.01827911458333333
57 0.0
52 0.0
45 0.0
73 0.0
69 0.0
64 0.0
71 0.0007311645833333332
69 0.0
64 0.5666525520833332
64 0.16816785416666663
66 0.07019179999999998
64 0.0
68 0.0
57 0.0
52 0.0
59 0.0
47 0.0
71 0.0
52 0.0
56 0.0
59 0.0
47 0.2222740333333333
66 0.046794533333333325
68 0.04533220416666666
66 0.0
63 0.0
44 0.0
59 0.0
54 0.0
51 0.6141782499999999
64 0.17547949999999998
63 0.08773974999999999
66 0.0
59 0.0
54 0.0
47 0.08773974999999999
64 0.08773974999999999
66 0.08773974999999999
61 0.0
68 0.0
49 0.0
64 0.0
56 0.0
56 0.0
49 0.0
59 0.0
66 0.0
64 0.31366960624999995
64 0.2617569208333333
61 0.0
45 0.0
54 0.0
52 0.0
59 0.35095899999999997
57 0.17109251249999996
59 0.004386987499999999
57 0.14769524583333332
59 0.0
47 0.0
64 0.0
52 0.0
54 0.0
66 0.14184592916666663
56 0.0
66 0.4913425999999999
63 0.0
54 0.0
51 0.0
47 0.0
59 0.17547949999999998
56 0.17547949999999998
71 0.0
59 0.0
63 0.0
51 0.0
47 0.0
54 0.12283564999999998
59 0.17547949999999998
56 0.14842641041666665
61 0.0
64 0.0
49 0.0
68 0.0
56 0.0
56 0.0
49 0.0
59 0.0
66 0.0
64 0.3129384416666666
64 0.2617569208333333
61 0.0
45 0.0
52 0.0
54 0.0
59 0.6770584041666665
59 0.0
57 0.14769524583333332
47 0.0
59 0.0
52 0.0
64 0.4957295874999999
47 0.0
66 0.0
56 0.0
59 0.17547949999999998
54 0.08773974999999999
59 0.15281339791666665
47 0.0
54 0.0
56 0.0
63 0.08847091458333332
59 0.08773974999999999
56 0.08773974999999999
59 0.0
64 0.0
56 0.0
52 0.26321924999999996
64 0.17547949999999998
66 0.13819010624999997
49 0.0
64 0.0
61 0.0
56 0.0
68 0.35095899999999997
76 0.0007311645833333332
75 0.019010279166666665
57 0.0
52 0.0
45 0.0
73 0.0
69 0.0
64 0.0
71 0.0
69 0.0
64 0.5666525520833332
64 0.1674366895833333
66 0.07019179999999998
64 0.0
52 0.0
47 0.0
68 0.0
59 0.0
57 0.3078202895833333
69 0.03144007708333333
52 0.0
56 0.0
47 0.0
71 0.0
59 0.013160962499999998
68 0.17547949999999998
44 0.0
51 0.0
54 0.0
59 0.0
66 0.0
63 0.04533220416666666
64 0.08773974999999999
44 0.0
51 0.0
54 0.0
59 0.0
68 0.15135106874999998
44 0.0
59 0.0
54 0.0
51 0.0
71 0.11186818124999998
66 0.1433082583333333
61 0.0
68 0.0
49 0.0
64 0.0
56 0.0
56 0.0
49 0.0
59 0.0
66 0.0
64 0.31366960624999995
64 0.26321924999999996
52 0.0
61 0.0
45 0.0
57 0.6141782499999999
59 0.0
52 0.0
47 0.0
64 0.26321924999999996
64 0.26321924999999996
59 0.08773974999999999
59 0.08773974999999999
47 0.0
64 0.0
59 0.0
52 0.26321924999999996
54 0.0
59 0.0
66 0.17547949999999998
56 0.0
68 0.0
64 0.4386987499999999
64 0.0
47 0.0
63 0.0
54 0.0
66 0.01389212708333333
71 0.12283564999999998
68 0.17547949999999998
51 0.0
56 0.0
59 0.0
64 0.17547949999999998
63 0.17547949999999998
66 0.17547949999999998
71 0.14988873958333332
49 0.0
61 0.0
56 0.0
76 0.0
73 0.0
68 0.26321924999999996
75 0.0
73 0.0
68 0.0007311645833333332
76 0.0
73 0.0
68 0.017547949999999996
57 0.0
52 0.0
45 0.0
73 0.0
69 0.0
64 0.0
71 0.0
69 0.0
64 0.5666525520833332
64 0.1674366895833333
66 0.07019179999999998
64 0.0
57 0.0
52 0.0
59 0.0
47 0.0
66 0.26321924999999996
52 0.0
56 0.0
47 0.0
66 0.0
59 0.17547949999999998
71 0.08773974999999999
59 0.17547949999999998
66 0.0
63 0.0
44 0.0
59 0.0
54 0.0
51 0.0
64 0.17547949999999998
63 0.08773974999999999
66 0.0
59 0.0
54 0.0
47 0.08773974999999999
64 0.08773974999999999
66 0.08773974999999999
61 0.0
68 0.0
49 0.0
64 0.0
56 0.0
56 0.0
49 0.0
59 0.0
66 0.0
64 0.31366960624999995
64 0.2617569208333333
61 0.0
45 0.0
54 0.0
52 0.0
59 0.35095899999999997
57 0.17109251249999996
59 0.004386987499999999
57 0.14769524583333332
47 0.0
64 0.0
52 0.0
59 0.35095899999999997
54 0.08773974999999999
56 0.0
59 0.4386987499999999
51 0.0
47 0.0
59 0.0
54 0.0
56 0.7019179999999999
59 0.17547949999999998
56 0.17547949999999998
71 0.0
59 0.0
63 0.0
51 0.0
47 0.0
54 0.12283564999999998
59 0.17547949999999998
56 0.14842641041666665
61 0.0
64 0.0
49 0.0
68 0.0
56 0.0
56 0.0
49 0.0
59 0.0
66 0.0
64 0.3129384416666666
64 0.2617569208333333
61 0.0
45 0.0
54 0.0
52 0.5271696645833333
59 0.0007311645833333332
54 0.0
52 0.0
47 0.35095899999999997
57 0.17547949999999998
59 0.14988873958333332
59 0.14769524583333332
47 0.0
59 0.0
52 0.0
64 0.0
47 0.0
59 0.17547949999999998
64 0.08773974999999999
59 0.0
63 0.15354456249999998
47 0.0
54 0.0
56 0.0
59 0.08773974999999999
56 0.08773974999999999
59 0.0
64 0.0
56 0.0
52 0.26321924999999996
64 0.17547949999999998
66 0.1389212708333333
56 0.0
49 0.0
64 0.0
59 0.0
68 0.0
45 0.0
52 0.0007311645833333332
69 0.0
64 0.0
61 1.2283564999999999
59 0.005849316666666666
47 0.0
52 0.0
56 0.0
64 0.0
59 0.0
69 0.0
59 0.0
68 0.29539049166666664
64 0.02705308958333333
59 0.0
51 0.0
44 0.0
66 0.0
64 0.17547949999999998
66 0.11186818124999998
59 0.0
49 0.0
56 0.0
64 0.0
68 0.0
66 0.21715588124999996
64 0.20180142499999998
61 0.0
64 0.0
57 0.0
52 0.0
45 0.0
59 0.06288015416666666
59 0.05191268541666666
47 0.1389212708333333
59 0.0
52 0.0
56 0.0
64 0.0
47 0.35095899999999997
66 0.09797605416666665
59 0.0
64 0.0
68 0.1959521083333333
47 0.0
54 0.0
51 0.0
64 0.0
66 0.0
59 0.6916816958333332
71 0.17547949999999998
68 0.059955495833333323
66 0.005118152083333332
64 0.17547949999999998
63 0.032902406249999995
64 0.13965243541666664
61 0.06653597708333332
64 0.0
56 0.0
68 0.0
59 0.0
49 0.1433082583333333
66 0.0
71 0.13014729583333332
59 0.0
64 0.12283564999999998
61 0.0
57 0.0
45 0.0
64 0.0
52 0.35095899999999997
64 0.0
59 0.0
57 0.11552400416666665
59 0.0
68 0.0
64 0.17547949999999998
69 0.005849316666666666
68 0.17547949999999998
66 0.0
64 0.0
59 0.0
54 0.6288015416666666
64 0.08773974999999999
66 0.05922433124999999
64 0.0
56 0.0
68 0.0
59 0.0
49 0.0
66 0.0
71 0.13014729583333332
59 0.0
64 0.12283564999999998
57 0.0
45 0.0
52 0.0
64 0.0
61 0.26321924999999996
59 0.08773974999999999
59 0.04825686249999999
59 0.0
47 0.0
64 0.0
54 0.0
66 0.043869874999999996
66 0.0
59 0.0
71 0.0
64 0.11259934583333331
64 0.009505139583333332
51 0.0
63 0.0
54 0.0
66 0.3421850249999999
66 0.19302744999999996
64 0.0
49 0.0
56 0.0
66 0.0
59 0.0
